#No 9 Test File#

#map
33333333333333333333333333333333333333333333333333333333333333333333333333333332
33333333333333333333333333333333333333333333333333333333333333333333333333333332
33333333333333333333333333333333333333333333333333333333333333333333333333333332
33333333333333333333333333333333333333333333333333333333333333333333333333333332
33333333333333333333333333333333333333333333333333333333333333333333333333333332
33333333333333333333333333333333333333333333333333333333333333333333333333333332
33333333333333333333333333333333333333333333333333333333333333333333333333333332
33333333333333333333333333333333333333333333333333333333333333333333333333333332
33333333333333333333333333333333333333333333333333333333333333333333333333333332
33333333333333333333333333333333333333333333333333333333333333333333333333333332
33333333333333333333333333333333333333333333333333333333333333333333333333333332
33333333333333333333333333333333333333333333333333333333333333333333333333333332
33333333333333333333333333333333333333333333333333333333333333333333333333333332
33333333333333333333333333333333333333333333333333333333333333333333333333333332
33333333333333333333333333333333333333333333333333333333333333333333333333333332
33333333333333333333333333333333333333333333333333333333333333333333333333333332
33333333333333333333333333333333333333333333333333333333333333333333333333333332
33333333333333333333333333333333333333333333333333333333333333333333333333333332
33333333333333333333333333333333333333333333333333333333333333333333333333333332
33333333333333333333333333333333333333333333333333333333333333333333333333333332
33333333333333333333333333333333333333333333333333333333333333333333333333333332
33333333333333333333333333333333333333333333333333333333333333333333333333333332
33333333333333333333333333333333333333333333333333333333333333333333333333333332
33333333333333333333333333333333333333333333333333333333333333333333333333333332
33333333333333333333333333333333333333333333333333333333333333333333333333333332
33333333333333333333333333333333333333333333333333333333333333333333333333333332
33333333333333333333333333333333333333333333333333333333333333333333333333333332
33333333333333333333333333333333333333333333333333333333333333333333333333333332
33333333333333333333333333333333333333333333333333333333333333333333333333333332
33333333333333333333333333333333333333333333333333333333333333333333333333333332
33333333333333333333333333333333333333333333333333333333333333333333333333333332
33333333333333333333333333333333333333333333333333333333333333333333333333333332
33333333333333333333333333333333333333333333333333333333333333333333333333333332
33333333333333333333333333333333333333333333333333333333333333333333333333333332
33333333333333333333333333333333333333333333333333333333333333333333333333333332
33333333333333333333333333333333333333333333333333333333333333333333333333333332
33333333333333333333333333333333333333333333333333333333333333333333333333333332
33333333333333333333333333333333333333333333333333333333333333333333333333333332
33333333333333333333333333333333333333333333333333333333333333333333333333333332
33333333333333333333333333333333333333333333333333333333333333333333333333333332
33333333333333333333333333333333333333333333333333333333333333333333333333333332
33333333333333333333333333333333333333333333333333333333333333333333333333333332
33333333333333333333333333333333333333333333333333333333333333333333333333333332
33333333333333333333333333333333333333333333333333333333333333333333333333333332
33333333333333333333333333333333333333333333333333333333333333333333333333333332
33333333333333333333333333333333333333333333333333333333333333333333333333333332
33333333333333333333333333333333333333333333333333333333333333333333333333333332
33333333333333333333333333333333333333333333333333333333333333333333333333333332
33333333333333333333333333333333333333333333333333333333333333333333333333333332
33333333333333333333333333333333333333333333333333333333333333333333333333333332
33333333333333333333333333333333333333333333333333333333333333333333333333333332
33333333333333333333333333333333333333333333333333333333333333333333333333333332
33333333333333333333333333333333333333333333333333333333333333333333333333333332
33333333333333333333333333333333333333333333333333333333333333333333333333333332
33333333333333333333333333333333333333333333333333333333333333333333333333333332
33333333333333333333333333333333333333333333333333333333333333333333333333333332
33333333333333333333333333333333333333333333333333333333333333333333333333333332
33333333333333333333333333333333333333333333333333333333333333333333333333333332
33333333333333333333333333333333333333333333333333333333333333333333333333333332
33333333333333333333333333333333333333333333333333333333333333333333333333333332
33333333333333333333333333333333333333333333333333333333333333333333333333333332
33333333333333333333333333333333333333333333333333333333333333333333333333333332
33333333333333333333333333333333333333333333333333333333333333333333333333333332
33333333333333333333333333333333333333333333333333333333333333333333333333333332
33333333333333333333333333333333333333333333333333333333333333333333333333333332
33333333333333333333333333333333333333333333333333333333333333333333333333333332
33333333333333333333333333333333333333333333333333333333333333333333333333333332
33333333333333333333333333333333333333333333333333333333333333333333333333333332
33333333333333333333333333333333333333333333333333333333333333333333333333333332
33333333333333333333333333333333333333333333333333333333333333333333333333333332
33333333333333333333333333333333333333333333333333333333333333333333333333333332
33333333333333333333333333333333333333333333333333333333333333333333333333333332
33333333333333333333333333333333333333333333333333333333333333333333333333333332
33333333333333333333333333333333333333333333333333333333333333333333333333333332
33333333333333333333333333333333333333333333333333333333333333333333333333333332
33333333333333333333333333333333333333333333333333333333333333333333333333333332
33333333333333333333333333333333333333333333333333333333333333333333333333333332
33333333333333333333333333333333333333333333333333333333333333333333333333333332
33333333333333333333333333333333333333333333333333333333333333333333333333333332
11111111111111111111111111111111111111111111111111111111111111111111111111111110
#end_map

#flow
(0,0),(0,1),2
#end_flow

#taxi
1,STOP,5,(4,4)
2,TAKING,0,(3,3)
#end_taxi

#request
[CR,(0,0),(79,79)]
[CR,(5,5),(8,8)]
#end_request
